0 1459004883002 1459004883483 13 e2f7e039-d769b8f9b-18aa-419e-b76d-0fcdc39ec521769b8f9b-18aa-419e-b76d-0fcdc39ec521769b8f9b-18aa-419e-b76d-0fcdc39ec521 420
1 1459004884213 1459004884512 6 d441ba5c-eebbb8e7a-ef45-421f-8e48-1e296fa63fe4ebbb8e7a-ef45-421f-8e48-1e296fa63fe4ebbb8e7a-ef45-421f-8e48-1e296fa63fe4 420
2 1459004885242 1459004885543 7 a064a5ea-33727f1a0-1def-46b0-b4f7-7242768467413727f1a0-1def-46b0-b4f7-7242768467413727f1a0-1def-46b0-b4f7-724276846741 420
3 1459004886282 1459004886593 13 5ec9fea7-5f3de727e-6179-4607-8d1c-7d8948430116f3de727e-6179-4607-8d1c-7d8948430116f3de727e-6179-4607-8d1c-7d8948430116 420
4 1459004887322 1459004887623 7 1a48d15d-4ca734659-db99-4424-8f6e-19848d5758a8ca734659-db99-4424-8f6e-19848d5758a8ca734659-db99-4424-8f6e-19848d5758a8 420
5 1459004888353 1459004888653 7 3cf57c6e-b020a644b-99ff-4880-b780-865b56b6a829020a644b-99ff-4880-b780-865b56b6a829020a644b-99ff-4880-b780-865b56b6a829 420
6 1459004889382 1459004889682 7 b30c2306-22e21f675-4fe7-4aea-9d00-2c6fb1e8727d2e21f675-4fe7-4aea-9d00-2c6fb1e8727d2e21f675-4fe7-4aea-9d00-2c6fb1e8727d 420
7 1459004890412 1459004890723 7 3c7b9ed9-6679ad6b3-bddb-4c6c-8300-e6a39a644ad3679ad6b3-bddb-4c6c-8300-e6a39a644ad3679ad6b3-bddb-4c6c-8300-e6a39a644ad3 420
8 1459004891452 1459004891763 15 4a83a899-d9cb236bc-0439-4313-b57e-955c40f078769cb236bc-0439-4313-b57e-955c40f078769cb236bc-0439-4313-b57e-955c40f07876 420
9 1459004892492 1459004892793 7 6f263d16-6bfffe4a6-2934-46c6-aa58-d0fd3f2e10a6bfffe4a6-2934-46c6-aa58-d0fd3f2e10a6bfffe4a6-2934-46c6-aa58-d0fd3f2e10a6 420
10 1459004893523 1459004893823 8 153322e4-121206bff-a93f-4c0f-8620-06bad4b119a921206bff-a93f-4c0f-8620-06bad4b119a921206bff-a93f-4c0f-8620-06bad4b119a9 420
11 1459004894552 1459004894853 8 13798e7b-41594600e-7984-4874-a3a7-4ddad5b73c881594600e-7984-4874-a3a7-4ddad5b73c881594600e-7984-4874-a3a7-4ddad5b73c88 420
12 1459004895582 1459004895882 7 3605151a-ef2825710-43ac-415a-ae77-d3c3bb26d19df2825710-43ac-415a-ae77-d3c3bb26d19df2825710-43ac-415a-ae77-d3c3bb26d19d 420
13 1459004896613 1459004896914 8 d58e7f34-21394686f-3cb3-4032-81ba-385e34c2e96f1394686f-3cb3-4032-81ba-385e34c2e96f1394686f-3cb3-4032-81ba-385e34c2e96f 420
14 1459004897642 1459004897953 14 07d9bd1c-c50aa25b2-daef-4ca2-b6b0-71aa8f9de44750aa25b2-daef-4ca2-b6b0-71aa8f9de44750aa25b2-daef-4ca2-b6b0-71aa8f9de447 420
15 1459004898682 1459004898982 6 3409d221-7b338e1df-3021-4af4-8a80-16c7ec8d3017b338e1df-3021-4af4-8a80-16c7ec8d3017b338e1df-3021-4af4-8a80-16c7ec8d3017 420
16 1459004899713 1459004900013 8 2fecf6b5-bc484713d-6858-463d-a8ba-8f91edc4c727c484713d-6858-463d-a8ba-8f91edc4c727c484713d-6858-463d-a8ba-8f91edc4c727 420
17 1459004900742 1459004901043 7 dc2cbca5-0c182f6a2-5c26-4cb5-9165-2cd22b20b30cc182f6a2-5c26-4cb5-9165-2cd22b20b30cc182f6a2-5c26-4cb5-9165-2cd22b20b30c 420
18 1459004901772 1459004902073 7 d8dfb4a4-509391c37-c862-484a-8a34-a88f0188718309391c37-c862-484a-8a34-a88f0188718309391c37-c862-484a-8a34-a88f01887183 420
19 1459004902803 1459004903103 7 ac084839-a88ee67e7-0753-4d61-bc2c-d9b8742797af88ee67e7-0753-4d61-bc2c-d9b8742797af88ee67e7-0753-4d61-bc2c-d9b8742797af 420
20 1459004903833 1459004904132 7 62be2080-c5704cb61-e191-4fb0-bcbe-f996ce0d4f4e5704cb61-e191-4fb0-bcbe-f996ce0d4f4e5704cb61-e191-4fb0-bcbe-f996ce0d4f4e 420
21 1459004904863 1459004905164 9 d9694205-e2fbde0a2-ef90-4e40-b1fb-b4056931df3d2fbde0a2-ef90-4e40-b1fb-b4056931df3d2fbde0a2-ef90-4e40-b1fb-b4056931df3d 420
22 1459004905893 1459004906192 7 dda4fe2a-d44281975-32e5-4a19-92ee-d8ad1c3b412844281975-32e5-4a19-92ee-d8ad1c3b412844281975-32e5-4a19-92ee-d8ad1c3b4128 420
23 1459004906922 1459004907224 9 4816be0f-3a7b410df-701b-4921-a77a-ca254a15eddca7b410df-701b-4921-a77a-ca254a15eddca7b410df-701b-4921-a77a-ca254a15eddc 420
24 1459004907953 1459004908263 14 9b392909-55085106e-6c05-4a44-92de-d9224c7661fe5085106e-6c05-4a44-92de-d9224c7661fe5085106e-6c05-4a44-92de-d9224c7661fe 420
25 1459004908993 1459004909294 9 e0cc93fe-6613247d3-1d2d-4fef-a817-cc9a8bf695c7613247d3-1d2d-4fef-a817-cc9a8bf695c7613247d3-1d2d-4fef-a817-cc9a8bf695c7 420
26 1459004910022 1459004910323 7 7e90db6c-517eae680-f80b-48d1-9622-37a133198d4117eae680-f80b-48d1-9622-37a133198d4117eae680-f80b-48d1-9622-37a133198d41 420
27 1459004911053 1459004911353 7 7c7d3c10-472312600-5750-4df5-822b-1f3f728a9fa972312600-5750-4df5-822b-1f3f728a9fa972312600-5750-4df5-822b-1f3f728a9fa9 420
28 1459004912083 1459004912394 16 69d50bc5-ae3ba4212-e8f0-4966-a700-30b40167fc94e3ba4212-e8f0-4966-a700-30b40167fc94e3ba4212-e8f0-4966-a700-30b40167fc94 420
29 1459004913123 1459004913423 7 a773f163-de5aa82b1-9b84-4a1b-a1f2-5bd162a48affe5aa82b1-9b84-4a1b-a1f2-5bd162a48affe5aa82b1-9b84-4a1b-a1f2-5bd162a48aff 420
30 1459004914152 1459004914453 7 341083d4-1b9eb1ebc-64fb-419f-b6ef-bee62ea8a4d7b9eb1ebc-64fb-419f-b6ef-bee62ea8a4d7b9eb1ebc-64fb-419f-b6ef-bee62ea8a4d7 420
31 1459004915183 1459004915483 7 e16d2c21-1a0a34102-1c00-4345-8cbd-d70479f8847ba0a34102-1c00-4345-8cbd-d70479f8847ba0a34102-1c00-4345-8cbd-d70479f8847b 420
32 1459004916213 1459004916513 7 b968f25b-28ac96ed8-b48b-4b9b-8813-4569de79a8848ac96ed8-b48b-4b9b-8813-4569de79a8848ac96ed8-b48b-4b9b-8813-4569de79a884 420
33 1459004917242 1459004917554 16 952d6bf3-6ed1d96bf-0609-419e-8717-57bfeea5a44ced1d96bf-0609-419e-8717-57bfeea5a44ced1d96bf-0609-419e-8717-57bfeea5a44c 420
34 1459004918282 1459004918583 7 ae8fddc0-92eabbdf5-0d35-449f-a6d2-1d078b55661f2eabbdf5-0d35-449f-a6d2-1d078b55661f2eabbdf5-0d35-449f-a6d2-1d078b55661f 420
35 1459004919312 1459004919613 7 4ab5d756-a89ec0f47-8c79-4473-84d4-caf4a056f3c389ec0f47-8c79-4473-84d4-caf4a056f3c389ec0f47-8c79-4473-84d4-caf4a056f3c3 420
36 1459004920343 1459004920643 7 a83de6fb-a12f9b8c7-132d-4396-8505-76126b70df6e12f9b8c7-132d-4396-8505-76126b70df6e12f9b8c7-132d-4396-8505-76126b70df6e 420
37 1459004921372 1459004921673 8 1dc863aa-51389f567-11ae-4dae-b43c-05dcac64bd261389f567-11ae-4dae-b43c-05dcac64bd261389f567-11ae-4dae-b43c-05dcac64bd26 420
38 1459004922403 1459004922703 8 3c6031eb-95e02616c-bc4c-4c3f-839a-882d9e221ca35e02616c-bc4c-4c3f-839a-882d9e221ca35e02616c-bc4c-4c3f-839a-882d9e221ca3 420
39 1459004923432 1459004923734 8 4df0c36f-7bc346ccf-5d93-4fb0-a6ca-619e076602d0bc346ccf-5d93-4fb0-a6ca-619e076602d0bc346ccf-5d93-4fb0-a6ca-619e076602d0 420
40 1459004924463 1459004924763 7 12202390-4885a44f3-0c24-4f12-85d1-309f5fe673e4885a44f3-0c24-4f12-85d1-309f5fe673e4885a44f3-0c24-4f12-85d1-309f5fe673e4 420
41 1459004925493 1459004925793 7 ea33237a-00299295c-3f00-4bfb-af59-bd084db90f460299295c-3f00-4bfb-af59-bd084db90f460299295c-3f00-4bfb-af59-bd084db90f46 420
42 1459004926522 1459004926823 6 4b5bc693-7393f06cd-91f3-4ea2-baa8-a3fe88ae8fb8393f06cd-91f3-4ea2-baa8-a3fe88ae8fb8393f06cd-91f3-4ea2-baa8-a3fe88ae8fb8 420
43 1459004927553 1459004927853 8 a0085288-6dbe8b1ac-af19-40f2-b635-567561d89d1ddbe8b1ac-af19-40f2-b635-567561d89d1ddbe8b1ac-af19-40f2-b635-567561d89d1d 420
44 1459004928582 1459004928883 8 0523e150-535e007f0-8499-4e36-90a1-98388b45647735e007f0-8499-4e36-90a1-98388b45647735e007f0-8499-4e36-90a1-98388b456477 420
45 1459004929613 1459004929914 7 ae7c845c-ba20a6701-30ec-4b35-8d27-ec5ac02e490da20a6701-30ec-4b35-8d27-ec5ac02e490da20a6701-30ec-4b35-8d27-ec5ac02e490d 420
46 1459004930642 1459004930953 15 2dff3e1a-51a67d98e-7c1e-407e-b9a3-88bffd599ab41a67d98e-7c1e-407e-b9a3-88bffd599ab41a67d98e-7c1e-407e-b9a3-88bffd599ab4 420
47 1459004931681 1459004931984 8 6e312858-1c5a42f4a-5df0-497b-a264-f28d3d8bc3cfc5a42f4a-5df0-497b-a264-f28d3d8bc3cfc5a42f4a-5df0-497b-a264-f28d3d8bc3cf 420
48 1459004932712 1459004933014 8 5517e752-b490d9b7e-c7a5-40ac-9bc8-d2d6b9897651490d9b7e-c7a5-40ac-9bc8-d2d6b9897651490d9b7e-c7a5-40ac-9bc8-d2d6b9897651 420
49 1459004933742 1459004934053 15 4ee31c98-fbfd4d367-1637-46b9-ad5d-0248dcaa1799bfd4d367-1637-46b9-ad5d-0248dcaa1799bfd4d367-1637-46b9-ad5d-0248dcaa1799 420
50 1459004934783 1459004935084 9 38fe7d28-990697b76-ea34-473b-8910-d06bc2b7f7a890697b76-ea34-473b-8910-d06bc2b7f7a890697b76-ea34-473b-8910-d06bc2b7f7a8 420
51 1459004935813 1459004936114 7 4fcfca8d-b5128c224-5508-4ad8-8c31-7df9bf4fb9325128c224-5508-4ad8-8c31-7df9bf4fb9325128c224-5508-4ad8-8c31-7df9bf4fb932 420
52 1459004936842 1459004937143 7 159c9577-ec2486d83-93b1-4e20-a313-1b3c6c0cdc05c2486d83-93b1-4e20-a313-1b3c6c0cdc05c2486d83-93b1-4e20-a313-1b3c6c0cdc05 420
53 1459004937873 1459004938173 8 d52e7c74-6842a1305-376b-425f-997e-40b58f77e0c3842a1305-376b-425f-997e-40b58f77e0c3842a1305-376b-425f-997e-40b58f77e0c3 420
54 1459004938902 1459004939203 7 dfa30e64-ad762d927-e643-4a3b-aeb8-be4054a114fed762d927-e643-4a3b-aeb8-be4054a114fed762d927-e643-4a3b-aeb8-be4054a114fe 420
55 1459004939933 1459004940244 16 88857681-20af74ed4-f9e1-4c1a-9eab-25f1be66d15a0af74ed4-f9e1-4c1a-9eab-25f1be66d15a0af74ed4-f9e1-4c1a-9eab-25f1be66d15a 420
56 1459004940972 1459004941283 15 bd017191-1412ee92c-f22a-48e2-b1ae-3da6e5811749412ee92c-f22a-48e2-b1ae-3da6e5811749412ee92c-f22a-48e2-b1ae-3da6e5811749 420
57 1459004942011 1459004942314 9 9ef1ee1a-4c58a0fb8-ea83-404f-9e37-99f9001569f2c58a0fb8-ea83-404f-9e37-99f9001569f2c58a0fb8-ea83-404f-9e37-99f9001569f2 420
58 1459004943042 1459004943353 15 5d5bce13-be7cc92d5-0a75-47ef-a2c7-b3e52b42025ae7cc92d5-0a75-47ef-a2c7-b3e52b42025ae7cc92d5-0a75-47ef-a2c7-b3e52b42025a 420
59 1459004944082 1459004944384 9 fdec95b9-e172f151f-977d-4448-8c60-145d79ce7736172f151f-977d-4448-8c60-145d79ce7736172f151f-977d-4448-8c60-145d79ce7736 420
60 1459004945113 1459004945414 8 8210f80c-1abb704e1-2780-4931-9c44-9269007cbcd2abb704e1-2780-4931-9c44-9269007cbcd2abb704e1-2780-4931-9c44-9269007cbcd2 420
61 1459004946142 1459004946443 7 012fea53-274742ce9-cdf0-4326-86e2-478d8b29f49274742ce9-cdf0-4326-86e2-478d8b29f49274742ce9-cdf0-4326-86e2-478d8b29f492 420
62 1459004947172 1459004947473 7 2ae7f6d2-9f8db94a7-54a2-43aa-b615-8b9ff2b8ba8cf8db94a7-54a2-43aa-b615-8b9ff2b8ba8cf8db94a7-54a2-43aa-b615-8b9ff2b8ba8c 420
63 1459004948202 1459004948503 7 b77de768-344b45fc6-b11d-4e0f-be61-f58b14b53b9a44b45fc6-b11d-4e0f-be61-f58b14b53b9a44b45fc6-b11d-4e0f-be61-f58b14b53b9a 420
64 1459004949232 1459004949533 6 8f65765b-0a09c4aa8-b370-4f8f-b504-1074b9a02885a09c4aa8-b370-4f8f-b504-1074b9a02885a09c4aa8-b370-4f8f-b504-1074b9a02885 420
65 1459004950262 1459004950563 6 4fbd16c9-f3892d214-4b22-47d8-9850-ff4c28b2aa9d3892d214-4b22-47d8-9850-ff4c28b2aa9d3892d214-4b22-47d8-9850-ff4c28b2aa9d 420
66 1459004951293 1459004951594 9 8e4ff5ab-399c60573-57fa-4781-bdf5-1f36477b82a099c60573-57fa-4781-bdf5-1f36477b82a099c60573-57fa-4781-bdf5-1f36477b82a0 420
67 1459004952322 1459004952624 7 efab2d3c-b016f6085-8f25-4cf4-89c8-268c97ac2af5016f6085-8f25-4cf4-89c8-268c97ac2af5016f6085-8f25-4cf4-89c8-268c97ac2af5 420
68 1459004953352 1459004953654 8 75dc0d48-9b27b434c-1703-4c7e-9fbe-d0cf92a0365ab27b434c-1703-4c7e-9fbe-d0cf92a0365ab27b434c-1703-4c7e-9fbe-d0cf92a0365a 420
69 1459004954381 1459004954683 7 3f404f00-e3b04ce7d-3bf9-4771-a91e-3674403866d13b04ce7d-3bf9-4771-a91e-3674403866d13b04ce7d-3bf9-4771-a91e-3674403866d1 420
70 1459004955412 1459004955713 7 c8b40a05-4cc4669b3-d2eb-4561-89c7-41e28c2c81cecc4669b3-d2eb-4561-89c7-41e28c2c81cecc4669b3-d2eb-4561-89c7-41e28c2c81ce 420
71 1459004956442 1459004956744 9 ca9cdfa9-60e544590-a3bf-4cec-8282-19c22f4ea9c90e544590-a3bf-4cec-8282-19c22f4ea9c90e544590-a3bf-4cec-8282-19c22f4ea9c9 420
72 1459004957472 1459004957774 7 9d86b8a0-937f644bb-aed1-45b0-921b-187221c77c0937f644bb-aed1-45b0-921b-187221c77c0937f644bb-aed1-45b0-921b-187221c77c09 420
73 1459004958501 1459004958813 15 e0f4e118-9433191d1-4227-40a9-aae9-086e8ef3f49b433191d1-4227-40a9-aae9-086e8ef3f49b433191d1-4227-40a9-aae9-086e8ef3f49b 420
74 1459004959541 1459004959843 8 8d3674ff-80dbe5fe6-f151-4c69-8bc0-1a4dbf60de7b0dbe5fe6-f151-4c69-8bc0-1a4dbf60de7b0dbe5fe6-f151-4c69-8bc0-1a4dbf60de7b 420
75 1459004960572 1459004960873 6 8cc2689d-97dee1529-0b36-4426-94d3-e4b5658db8097dee1529-0b36-4426-94d3-e4b5658db8097dee1529-0b36-4426-94d3-e4b5658db809 420
76 1459004961603 1459004961904 7 2f995f31-2fa314556-690e-49ce-8447-22af3fa0ea2bfa314556-690e-49ce-8447-22af3fa0ea2bfa314556-690e-49ce-8447-22af3fa0ea2b 420
77 1459004962632 1459004962934 7 2793a0e8-a1021063f-b397-49ec-a113-a4afb6daea2c1021063f-b397-49ec-a113-a4afb6daea2c1021063f-b397-49ec-a113-a4afb6daea2c 420
78 1459004963662 1459004963963 7 cf0c9527-5e72049e9-6fb3-469a-829c-c01805384509e72049e9-6fb3-469a-829c-c01805384509e72049e9-6fb3-469a-829c-c01805384509 420
79 1459004964692 1459004964993 7 f4611aaa-e540acc22-637b-4344-9115-f918ecdcc1c8540acc22-637b-4344-9115-f918ecdcc1c8540acc22-637b-4344-9115-f918ecdcc1c8 420
80 1459004965721 1459004966023 8 a0f3dde2-b14d186b4-4501-4258-9b5d-a9c21140911114d186b4-4501-4258-9b5d-a9c21140911114d186b4-4501-4258-9b5d-a9c211409111 420
81 1459004966753 1459004967054 9 2a2cc389-26288cddb-dc6b-45a9-91e5-714cf4829ed26288cddb-dc6b-45a9-91e5-714cf4829ed26288cddb-dc6b-45a9-91e5-714cf4829ed2 420
82 1459004967781 1459004968084 8 27861da9-aeb7b0cff-a9f2-494d-83f1-fb66b32679c0eb7b0cff-a9f2-494d-83f1-fb66b32679c0eb7b0cff-a9f2-494d-83f1-fb66b32679c0 420
83 1459004968812 1459004969114 7 e84254b3-d667549db-60bf-45c6-81fd-cf05110337da667549db-60bf-45c6-81fd-cf05110337da667549db-60bf-45c6-81fd-cf05110337da 420
85 1459004986132 1459004986503 14 b7c9f998-4ba5c8abd-f178-4a9b-8230-d46ef94da920ba5c8abd-f178-4a9b-8230-d46ef94da920ba5c8abd-f178-4a9b-8230-d46ef94da920 420
86 1459004987232 1459004987534 7 f8922595-009755d70-a93f-41b6-a48e-fae6382dcaad09755d70-a93f-41b6-a48e-fae6382dcaad09755d70-a93f-41b6-a48e-fae6382dcaad 420
87 1459004988262 1459004988564 7 356eacfc-f20b0ea78-f9c4-4cd4-bf4d-f5bcf963a9b620b0ea78-f9c4-4cd4-bf4d-f5bcf963a9b620b0ea78-f9c4-4cd4-bf4d-f5bcf963a9b6 420
88 1459004989302 1459004989614 14 dbac9155-6c1b1c4d6-dfc9-4ab8-8637-b53f11cc8437c1b1c4d6-dfc9-4ab8-8637-b53f11cc8437c1b1c4d6-dfc9-4ab8-8637-b53f11cc8437 420
89 1459004990341 1459004990644 7 0bf1efce-fe6fb23c3-8efa-4f1d-b19a-f4839478fa0de6fb23c3-8efa-4f1d-b19a-f4839478fa0de6fb23c3-8efa-4f1d-b19a-f4839478fa0d 420
90 1459004991372 1459004991674 7 e0436895-3bc958137-4bae-47e5-aa77-48d8db58dc70bc958137-4bae-47e5-aa77-48d8db58dc70bc958137-4bae-47e5-aa77-48d8db58dc70 420
91 1459004992401 1459004992714 15 4688656d-6582d059c-1baf-45eb-a855-cdc718ce3682582d059c-1baf-45eb-a855-cdc718ce3682582d059c-1baf-45eb-a855-cdc718ce3682 420
92 1459004993452 1459004993764 12 aca6366a-16ef9a0ab-ed4d-40ad-9027-aeeddbd87d076ef9a0ab-ed4d-40ad-9027-aeeddbd87d076ef9a0ab-ed4d-40ad-9027-aeeddbd87d07 420
93 1459004994502 1459004994804 6 9d56bd69-6c0b674e0-9dec-405a-97ce-80f88533317bc0b674e0-9dec-405a-97ce-80f88533317bc0b674e0-9dec-405a-97ce-80f88533317b 420
94 1459004995532 1459004995834 7 dae2ddf5-476494602-fff7-43ba-a041-119ce637079476494602-fff7-43ba-a041-119ce637079476494602-fff7-43ba-a041-119ce6370794 420
95 1459004996562 1459004996864 7 709e1f1c-dbb92cd63-2e26-4f68-9f83-c061c2f92d00bb92cd63-2e26-4f68-9f83-c061c2f92d00bb92cd63-2e26-4f68-9f83-c061c2f92d00 420
96 1459004997591 1459004997894 7 f33683b4-c16dacce0-050e-4466-a7dd-f582bd09dce316dacce0-050e-4466-a7dd-f582bd09dce316dacce0-050e-4466-a7dd-f582bd09dce3 420
97 1459004998622 1459004998934 15 4073870c-e007442d5-f331-4336-ad38-546025b1879e007442d5-f331-4336-ad38-546025b1879e007442d5-f331-4336-ad38-546025b1879e 420
98 1459004999662 1459004999964 7 46be3708-faec0bf62-cd93-4ac9-b803-5cced1720a1baec0bf62-cd93-4ac9-b803-5cced1720a1baec0bf62-cd93-4ac9-b803-5cced1720a1b 420
99 1459005000692 1459005001003 12 f7b6716a-001af4b0d-ce9a-42ce-a523-3c0a284dffed01af4b0d-ce9a-42ce-a523-3c0a284dffed01af4b0d-ce9a-42ce-a523-3c0a284dffed 420
